10 48 48 121.44698 31.028393
10 48 58 121.44711 31.028671
10 48 59 121.44708 31.028706
10 49 28 121.44602 31.02985
10 49 47 121.44514 31.030434
10 49 48 121.4451 31.030455
10 49 56 121.44475 31.030582
10 50 13 121.44381 31.030844
10 50 14 121.44376 31.030855
10 50 49 121.44198 31.030918
10 50 50 121.44193 31.030912
10 50 55 121.44173 31.030855
10 50 56 121.44168 31.030827
10 51 9 121.44077 31.03056
10 51 36 121.43871 31.029881
10 51 43 121.43817 31.029728
10 51 44 121.43803 31.029737
10 51 47 121.43784 31.029655
10 51 48 121.43785 31.029598
10 51 52 121.43766 31.029497
10 51 53 121.43752 31.029486
10 51 54 121.43745 31.02949
10 52 7 121.4365 31.029181
10 52 8 121.43646 31.029154
10 52 18 121.43578 31.028919
10 52 35 121.43465 31.028576
10 52 41 121.4343 31.028494
10 53 0 121.43295 31.028076
10 53 2 121.43287 31.028019
10 53 3 121.43282 31.027992
10 53 4 121.43277 31.027964
10 53 18 121.43169 31.027639
10 53 25 121.43118 31.02747
10 53 26 121.43111 31.027456
10 53 34 121.43046 31.027218
10 53 35 121.43038 31.027176
10 53 39 121.43015 31.027094
10 53 40 121.43008 31.027077
10 53 53 121.42915 31.026812
10 53 56 121.42892 31.02677
10 53 57 121.42883 31.026768
10 54 17 121.42738 31.026253
10 54 22 121.42709 31.02614
10 54 31 121.42658 31.025984
10 54 37 121.42657 31.025784
10 54 38 121.4266 31.025743
10 55 0 121.42706 31.024532
10 55 4 121.42712 31.024332
10 55 5 121.42712 31.024298
10 55 16 121.42735 31.023767
10 55 17 121.42738 31.02372
10 55 28 121.42776 31.023424
10 55 29 121.42777 31.023399
10 55 35 121.42782 31.023186
10 55 58 121.42799 31.021971
10 55 59 121.42801 31.021933
10 56 4 121.42814 31.021717
10 57 1 121.42993 31.018515
10 57 2 121.42999 31.018538
10 57 4 121.43002 31.018559
10 57 5 121.4301 31.018541
10 57 6 121.43015 31.018541
10 57 7 121.43019 31.018536
10 57 13 121.43043 31.018589
10 57 14 121.43047 31.0186
10 57 15 121.43051 31.018631
10 57 16 121.43056 31.018652
10 57 24 121.43089 31.018797
